79
A0A060HT58_amo                0.0000000 0.4148300 0.4147984 0.3874676 0.3674424 0.3688187 0.3396317 0.3609874 0.3635136 0.3723811 0.3723811 0.3698092 0.3698092 0.3544431 0.3699583 0.3464670 0.3722136 0.3400122 0.3469444 0.3703861 0.3653560 0.3565980 0.4264801 0.4130043 0.3870702 0.4179665 0.4253774 0.3963352 0.4253076 0.4309238 0.4245731 7.0836097 7.1444131 3.8486987 3.8628783 4.1459808 4.1459808 3.8329006 3.9808854 4.1384268 4.2383620 4.1945722 4.2665455 3.7225556 4.0911124 4.1427452 4.0954729 3.8066689 4.0031985 3.5947554 3.3268563 3.3099741 3.4034169 4.0253003 3.8999659 3.9239720 3.8488189 3.8446538 3.8007485 3.7346227 3.7346227 4.1903260 4.0389618 4.0342177 3.6049256 3.6686985 3.7046165 4.6841904 5.7319603 5.3368208 5.5145898 5.5310032 4.5201586 4.4512246 4.4316894 5.3907619 5.3426803 5.0118928 5.0118928 
A0A060HM27_amo                0.4148300 0.0000000 0.0385039 0.1064338 0.1396224 0.1526121 0.1591267 0.1251151 0.1330031 0.1343235 0.1343235 0.1383588 0.1383588 0.1289849 0.1341002 0.1393467 0.1380914 0.1205778 0.1266703 0.1327570 0.1272685 0.1206414 0.2050195 0.1786643 0.2290952 0.2150536 0.2216848 0.1928944 0.2033644 0.2027822 0.2026900 6.2315149 6.4108079 3.3870023 3.7952215 4.1219434 4.1219434 4.1273129 3.7968558 3.7215708 3.6409453 3.9801155 4.0136562 3.8040156 4.7232538 4.7893586 4.3473366 4.0677866 4.0538396 3.5510849 3.2940106 3.4803665 3.4589242 3.7439803 4.0660840 3.9267285 4.1799576 4.0876871 3.7690791 3.9011340 3.9011340 4.2138460 4.0169290 4.0120881 3.7244590 3.7922112 3.8412792 4.3982224 5.2488038 4.9561659 5.0908727 5.0606762 4.0606541 4.3369763 4.3175873 5.1151587 5.1910984 4.7029854 4.7029854 
A0A060HCH5_amo                0.4147984 0.0385039 0.0000000 0.1138721 0.1464360 0.1385844 0.1450402 0.1117061 0.1260960 0.1204958 0.1204958 0.1311050 0.1311050 0.1223714 0.1202968 0.1255784 0.1241456 0.1070685 0.1130920 0.1191130 0.1136177 0.1071284 0.2034784 0.1825159 0.2253712 0.2186533 0.2251351 0.1896685 0.1999564 0.1993804 0.1992864 6.1995487 6.3649858 3.3721050 3.6375446 3.9412918 3.9412918 3.8663352 3.5550730 3.5561884 3.5028481 3.8002265 3.8438313 3.7252357 4.6164536 4.6757553 4.1434350 3.9830315 3.8841079 3.4069679 3.2453494 3.4161087 3.3969151 3.7758548 3.9720724 3.9799409 4.1228545 4.0320615 3.7220704 3.8519499 3.8519499 4.2502344 4.0511786 4.0463062 3.6914540 3.8239067 3.8733582 4.3171256 5.1252629 4.8415505 4.9727755 4.9075524 3.9183597 4.1942486 4.1751413 4.8885335 5.0601854 4.5778793 4.5778793 
A0A060HLS1_amo                0.3874676 0.1064338 0.1138721 0.0000000 0.0990118 0.0750491 0.0690521 0.0390859 0.0509152 0.0629040 0.0629040 0.0740355 0.0740355 0.0510983 0.0628047 0.0570095 0.0664290 0.0628149 0.0570677 0.0508288 0.0567526 0.0508288 0.1540562 0.1322080 0.1546048 0.1483748 0.1546471 0.1212826 0.1301066 0.1600718 0.1418335 6.2895231 6.4796114 3.3649279 3.6242945 4.0765931 4.0765931 3.9458253 3.9888285 3.9987786 3.7216197 4.0810934 3.9321879 3.9549338 4.5442762 4.6084159 4.5043576 4.1805333 3.9234408 3.5367339 3.2636505 3.2724402 3.2729480 3.7635265 4.1486497 3.9718447 4.1038128 3.9304516 3.6777000 3.8372867 3.8372867 4.0358567 3.8212831 3.8166349 3.7590120 3.8230075 3.8726116 4.3724923 5.3733176 4.9544432 5.0899481 5.0377490 3.9200367 3.7758648 3.7577329 4.8760075 4.9951239 4.6672269 4.6672269 
SD_DY_contig_26989810_27      0.3674424 0.1396224 0.1464360 0.0990118 0.0000000 0.0914477 0.0962808 0.0914303 0.0493856 0.0492446 0.0492446 0.0548501 0.0548501 0.0681060 0.0549662 0.0492554 0.0431963 0.0435728 0.0490795 0.0549170 0.0491514 0.0549170 0.1218153 0.0991870 0.1379215 0.1059895 0.1119977 0.1188790 0.1173337 0.1313038 0.1187689 6.6952554 6.9754331 3.3728726 3.5415193 3.8687633 3.8687633 3.7978019 3.6992703 3.7499173 3.5690224 3.8130128 3.9050300 3.8255249 4.2507391 4.3034611 4.2657273 3.9093351 3.6778432 3.4057251 3.1181327 3.2701796 3.1771613 3.7433745 3.8391112 3.8021327 3.8960106 3.8098764 3.7052051 3.9382292 3.9382292 4.1924281 3.9708460 3.9661200 3.7378434 3.7983897 3.8465687 4.5979245 5.4140064 5.3569797 5.5393746 5.1510917 4.0398615 3.7902714 3.7724495 4.9293515 4.9930967 4.7087571 4.7087571 
A0A060HQE0_amo                0.3688187 0.1526121 0.1385844 0.0750491 0.0914477 0.0000000 0.0619318 0.0438217 0.0561655 0.0731556 0.0731556 0.0727411 0.0727411 0.0514616 0.0825279 0.0560326 0.0705592 0.0617285 0.0560886 0.0615418 0.0556331 0.0615418 0.1177149 0.0909375 0.1187852 0.1000804 0.1060583 0.0874149 0.0943895 0.1112907 0.1056381 6.9199522 7.1249025 3.5376602 3.3942200 3.7498733 3.7498733 3.8912374 3.7551237 3.7285987 3.5725602 3.8567039 3.9322418 3.7361993 4.3785003 4.4341838 4.2188541 4.0162265 3.8140708 3.4192296 3.1595253 3.2674438 3.1801969 3.8705639 3.9010787 3.7475734 3.8679154 3.7110899 3.6405536 3.9014108 3.9014108 3.9845673 3.7763112 3.7717752 3.6219831 3.6827016 3.7295725 4.4525344 5.5252715 5.3834290 5.5625531 5.4003244 4.2096527 3.8960539 3.8778820 5.0821913 5.2944115 4.9885707 4.9885707 
K0IMG9_amo                    0.3396317 0.1591267 0.1450402 0.0690521 0.0962808 0.0619318 0.0000000 0.0557315 0.0437505 0.0604895 0.0604895 0.0601565 0.0601565 0.0275294 0.0574105 0.0437878 0.0574985 0.0493401 0.0438290 0.0491940 0.0549156 0.0491940 0.1425568 0.1233558 0.1266690 0.1305026 0.1365541 0.1065189 0.1248057 0.1441753 0.1384238 6.4607468 6.6399337 3.4796820 3.3519680 3.7683432 3.7683432 3.8162984 3.7333371 3.8131629 3.5635836 3.8839105 3.9008644 3.7416867 4.4130804 4.4687683 4.2796401 3.9883592 3.7619593 3.3924704 3.1190258 3.0879592 3.0722912 3.8412048 3.8203772 3.7457212 3.9151463 3.7531115 3.6338352 3.7658339 3.7658339 4.0139493 3.8061124 3.8015967 3.5815258 3.6404064 3.6864062 4.4149957 5.4050943 5.1765467 5.3470464 5.1588555 4.0194824 3.8409000 3.8228903 5.0897501 4.9732687 4.6681953 4.6681953 
A0A060HNS7_amo                0.3609874 0.1251151 0.1117061 0.0390859 0.0914303 0.0438217 0.0557315 0.0000000 0.0442954 0.0612438 0.0612438 0.0609008 0.0609008 0.0278763 0.0583032 0.0557759 0.0582417 0.0499552 0.0443760 0.0384413 0.0441396 0.0384413 0.1436236 0.1155823 0.1316334 0.1256618 0.1317410 0.0997305 0.1199269 0.1370165 0.1312980 6.5620249 6.7456393 3.5804384 3.4530324 3.8896982 3.8896982 4.0330375 3.8321308 3.8376192 3.6671046 3.9416641 4.0194794 3.7620091 4.5394281 4.5970302 4.3979018 4.0939469 3.8587040 3.4784086 3.1953144 3.2563702 3.2379091 3.9381164 3.9958865 3.9199993 4.0199126 3.8542987 3.6700355 3.9290374 3.9290374 4.0588559 3.8462650 3.8416687 3.6708540 3.7319702 3.7795319 4.4079181 5.4262606 5.2898659 5.4643498 5.1822386 4.0448902 3.8632331 3.8452034 5.0693042 5.1590314 4.8352448 4.8352448 
WP_337863180_amo              0.3635136 0.1330031 0.1260960 0.0509152 0.0493856 0.0561655 0.0437505 0.0442954 0.0000000 0.0378690 0.0378690 0.0376648 0.0376648 0.0163981 0.0458651 0.0325035 0.0340339 0.0269522 0.0215414 0.0268747 0.0213783 0.0268747 0.1169942 0.0982651 0.1128216 0.1050414 0.1110028 0.0940910 0.0993797 0.1182451 0.1125403 6.5547349 6.8187182 3.5497105 3.5629926 3.9843586 3.9843586 3.9047114 3.8245260 3.9060566 3.6711471 3.9757131 3.9925328 3.9073245 4.4253866 4.4796386 4.3887682 4.0863275 3.8005957 3.4681587 3.2114960 3.2572561 3.2018210 3.9230573 3.9882722 3.9092123 4.1394671 3.9646166 3.7758029 3.9764440 3.9764440 4.1781608 3.9584584 3.9537647 3.7760196 3.8391299 3.8879908 4.5490194 5.4330686 5.2030634 5.3743542 5.1869469 4.0408023 3.8760182 3.8579236 5.0581723 5.0165137 4.7118913 4.7118913 
HEX7818531_amo                0.3723811 0.1343235 0.1204958 0.0629040 0.0492446 0.0731556 0.0604895 0.0612438 0.0378690 0.0000000 0.0000010 0.0319803 0.0319803 0.0330043 0.0214701 0.0268287 0.0230854 0.0213572 0.0267363 0.0212965 0.0267454 0.0212965 0.1160787 0.0975483 0.1238295 0.1042633 0.1101768 0.0925211 0.0986453 0.1243999 0.0998526 6.7142636 6.9097644 3.4495498 3.4662760 3.7940959 3.7940959 3.7502092 3.6762920 3.7234121 3.5328221 3.7911091 3.8051844 3.7918163 4.3526420 4.4084629 4.1908857 3.9033513 3.7043895 3.3876782 3.0864879 3.1773296 3.1045778 3.7753525 3.8545930 3.7784051 3.8815469 3.7209035 3.6738704 3.8451998 3.8451998 4.0167872 3.8065911 3.8020290 3.6569722 3.7117317 3.7589492 4.4551332 5.4641340 5.1816138 5.3235491 5.1349107 4.0096103 3.7450682 3.7273016 4.9590025 4.9758907 4.6723050 4.6723050 
HJS65664_amo                  0.3723811 0.1343235 0.1204958 0.0629040 0.0492446 0.0731556 0.0604895 0.0612438 0.0378690 0.0000010 0.0000000 0.0319803 0.0319803 0.0330043 0.0214701 0.0268287 0.0230854 0.0213572 0.0267363 0.0212965 0.0267454 0.0212965 0.1160787 0.0975483 0.1238295 0.1042633 0.1101768 0.0925211 0.0986453 0.1243999 0.0998526 6.7142636 6.9097644 3.4495498 3.4662760 3.7940959 3.7940959 3.7502092 3.6762920 3.7234121 3.5328221 3.7911091 3.8051844 3.7918163 4.3526420 4.4084629 4.1908857 3.9033513 3.7043895 3.3876782 3.0864879 3.1773296 3.1045778 3.7753525 3.8545930 3.7784051 3.8815469 3.7209035 3.6738704 3.8451998 3.8451998 4.0167872 3.8065911 3.8020290 3.6569722 3.7117317 3.7589492 4.4551332 5.4641340 5.1816138 5.3235491 5.1349107 4.0096103 3.7450682 3.7273016 4.9590025 4.9758907 4.6723050 4.6723050 
HZC48339_amo                  0.3698092 0.1383588 0.1311050 0.0740355 0.0548501 0.0727411 0.0601565 0.0609008 0.0376648 0.0319803 0.0319803 0.0000000 0.0000010 0.0328247 0.0396278 0.0266859 0.0279534 0.0319381 0.0265945 0.0211843 0.0373253 0.0318473 0.1400890 0.1096123 0.1363379 0.1047440 0.1106900 0.1046558 0.1226266 0.1291158 0.1359926 6.7735037 6.9705336 3.4396976 3.5262670 3.8833432 3.8833432 3.8189522 3.7169358 3.6916323 3.5087675 3.8636131 3.8787530 3.7803685 4.4395240 4.4960686 4.2763722 3.9812197 3.8061120 3.4521937 3.1455183 3.2389432 3.1584914 3.8487654 3.9285255 3.8525248 3.9592528 3.7951363 3.6814197 3.8746171 3.8746171 4.0271788 3.8146396 3.8100675 3.7075402 3.7631518 3.8109960 4.4926121 5.4403549 5.1190723 5.2871797 5.1583373 4.0213718 3.7776010 3.7597537 4.9344799 5.0014165 4.6974172 4.6974172 
MCC2647558_amo                0.3698092 0.1383588 0.1311050 0.0740355 0.0548501 0.0727411 0.0601565 0.0609008 0.0376648 0.0319803 0.0319803 0.0000010 0.0000000 0.0328247 0.0396278 0.0266859 0.0279534 0.0319381 0.0265945 0.0211843 0.0373253 0.0318473 0.1400890 0.1096123 0.1363379 0.1047440 0.1106900 0.1046558 0.1226266 0.1291158 0.1359926 6.7735037 6.9705336 3.4396976 3.5262670 3.8833432 3.8833432 3.8189522 3.7169358 3.6916323 3.5087675 3.8636131 3.8787530 3.7803685 4.4395240 4.4960686 4.2763722 3.9812197 3.8061120 3.4521937 3.1455183 3.2389432 3.1584914 3.8487654 3.9285255 3.8525248 3.9592528 3.7951363 3.6814197 3.8746171 3.8746171 4.0271788 3.8146396 3.8100675 3.7075402 3.7631518 3.8109960 4.4926121 5.4403549 5.1190723 5.2871797 5.1583373 4.0213718 3.7776010 3.7597537 4.9344799 5.0014165 4.6974172 4.6974172 
K0IHK8_amo                    0.3544431 0.1289849 0.1223714 0.0510983 0.0681060 0.0514616 0.0275294 0.0278763 0.0163981 0.0330043 0.0330043 0.0328247 0.0328247 0.0000000 0.0409514 0.0275418 0.0288889 0.0219213 0.0164251 0.0218568 0.0274536 0.0218568 0.1259114 0.1066646 0.1218221 0.1137043 0.1198198 0.0895001 0.1079143 0.1273459 0.1215079 6.3662484 6.5434222 3.6105088 3.4428927 4.0049632 4.0049632 3.9338668 3.9743277 4.0642535 3.7800624 4.0053540 4.0229773 3.8937060 4.6263488 4.6861542 4.5789869 4.2546499 3.9977513 3.5928358 3.2932081 3.1631958 3.1737600 3.9609694 4.0643884 3.8892974 4.1767484 3.9960045 3.7184302 3.8823378 3.8823378 4.0827635 3.8646710 3.8599682 3.8008602 3.8658955 3.9161960 4.4458573 5.5932750 5.1725531 5.3450151 5.1712900 4.0187438 3.7920881 3.7739094 5.0451438 4.9737803 4.6643777 4.6643777 
MBA3749431_amo                0.3699583 0.1341002 0.1202968 0.0628047 0.0549662 0.0825279 0.0574105 0.0583032 0.0458651 0.0214701 0.0214701 0.0396278 0.0396278 0.0409514 0.0000000 0.0343153 0.0268672 0.0285520 0.0341911 0.0170894 0.0227918 0.0170894 0.1360939 0.1150861 0.1426516 0.1222136 0.1283211 0.1100371 0.1183769 0.1359221 0.1198378 6.9110229 7.1160628 3.4568075 3.4925334 3.7695165 3.7695165 3.7597214 3.6854380 3.7329773 3.4886147 3.8009367 3.8152334 3.8193948 4.3679254 4.4242099 4.2043413 3.9142988 3.7134829 3.3944289 3.0912810 3.1826452 3.1270762 3.7852143 3.8649613 3.7881517 3.8923517 3.7303520 3.7492024 3.8556370 3.8556370 4.1022249 3.8862282 3.8815802 3.7314839 3.7876863 3.8359958 4.5450243 5.4841564 5.1556290 5.2228821 5.2024652 4.0786361 3.7724193 3.7546396 5.0222612 5.0565067 4.7535146 4.7535146 
HEU4824525_amo                0.3464670 0.1393467 0.1255784 0.0570095 0.0492554 0.0560326 0.0437878 0.0557759 0.0325035 0.0268287 0.0268287 0.0266859 0.0266859 0.0275418 0.0343153 0.0000000 0.0111613 0.0158934 0.0105853 0.0159908 0.0322098 0.0267166 0.1290643 0.1164277 0.1315533 0.1115932 0.1175955 0.0996627 0.1177780 0.1369353 0.1312182 6.7262897 6.9205223 3.3657862 3.5191078 3.8799332 3.8799332 3.8169434 3.7150719 3.7627767 3.5695348 3.8583944 3.9515039 3.8486891 4.4285053 4.4847890 4.2707380 3.9789613 3.7699924 3.4483242 3.1425030 3.2948712 3.2126644 3.7667174 3.9230633 3.8456590 3.9518226 3.8649080 3.6741358 3.9941793 3.9941793 4.1497627 3.9313965 3.9267177 3.7065868 3.7619476 3.8095760 4.4524069 5.3919892 5.1655477 5.3346358 5.0456761 3.9368813 3.8417452 3.8237143 4.8343610 4.8897124 4.5856397 4.5856397 
MDW0315520_amo                0.3722136 0.1380914 0.1241456 0.0664290 0.0431963 0.0705592 0.0574985 0.0582417 0.0340339 0.0230854 0.0230854 0.0279534 0.0279534 0.0288889 0.0268672 0.0111613 0.0000000 0.0166800 0.0111221 0.0167869 0.0337131 0.0279869 0.1277079 0.1208418 0.1364676 0.1159334 0.1220939 0.1036657 0.1162484 0.1419584 0.1298705 6.8801226 7.0839859 3.2836728 3.4787222 3.8275405 3.8275405 3.7260694 3.6240599 3.6703479 3.4835007 3.7667713 3.8567790 3.7587768 4.3202604 4.3756963 4.1686860 3.8832608 3.6806435 3.3654958 3.0656291 3.2153742 3.1749309 3.6754083 3.8298398 3.7540908 3.8561343 3.7711884 3.6868126 3.8979335 3.8979335 4.1660484 3.9460723 3.9413664 3.7194028 3.7751525 3.8230887 4.5428147 5.4835875 5.1256102 5.2797049 5.0671859 3.9837731 3.7969352 3.7790222 4.8533631 4.9464020 4.6422537 4.6422537 
HKI10255_amo                  0.3400122 0.1205778 0.1070685 0.0628149 0.0435728 0.0617285 0.0493401 0.0499552 0.0269522 0.0213572 0.0213572 0.0319381 0.0319381 0.0219213 0.0285520 0.0158934 0.0166800 0.0000000 0.0052661 0.0212685 0.0159862 0.0106070 0.1226437 0.0984261 0.1250013 0.1170211 0.1229988 0.0933557 0.1113685 0.1184523 0.1127354 6.6998485 6.8930769 3.4148875 3.4904010 3.8486417 3.8486417 3.7858431 3.7121904 3.7598428 3.5622902 3.8270214 3.9190372 3.8123827 4.3859424 4.4419851 4.2304546 3.9410971 3.7394445 3.4203284 3.1205055 3.2719550 3.1897787 3.7401505 3.8960025 3.8190359 3.9240698 3.8376705 3.6483967 3.9662999 3.9662999 4.1210714 3.9038290 3.8991630 3.6808253 3.7358512 3.7832521 4.4657584 5.4180594 5.1894879 5.3598737 5.0623538 3.9482315 3.8527063 3.8346352 4.8491312 4.9045021 4.5999989 4.5999989 
MDF2782887_amo                0.3469444 0.1266703 0.1130920 0.0570677 0.0490795 0.0560886 0.0438290 0.0443760 0.0215414 0.0267363 0.0267363 0.0265945 0.0265945 0.0164251 0.0341911 0.0105853 0.0111221 0.0052661 0.0000000 0.0159367 0.0213491 0.0159367 0.1167957 0.1042940 0.1190430 0.1111503 0.1171276 0.0874943 0.1054861 0.1244537 0.1187438 6.7071209 6.9007135 3.3765000 3.5303526 3.8925427 3.8925427 3.8294106 3.7274349 3.7753946 3.5764773 3.8710136 3.9646712 3.8564631 4.4384080 4.4948313 4.2798940 3.9872192 3.7821902 3.4592333 3.1558281 3.3089467 3.2266160 3.7839139 3.9409699 3.8630793 3.9702668 3.8827786 3.6905998 4.0128313 4.0128313 4.1694677 3.9496590 3.9449588 3.7231311 3.7788264 3.8267100 4.4723155 5.4254994 5.1964485 5.3671116 5.0700762 3.9540162 3.8583212 3.8402347 4.8561264 4.9114649 4.6069672 4.6069672 
MCJ7636709_amo                0.3703861 0.1327570 0.1191130 0.0508288 0.0549170 0.0615418 0.0491940 0.0384413 0.0268747 0.0212965 0.0212965 0.0211843 0.0211843 0.0218568 0.0170894 0.0159908 0.0167869 0.0212685 0.0159367 0.0000000 0.0158568 0.0105222 0.1285373 0.1097569 0.1245964 0.1048834 0.1108379 0.0930602 0.1110132 0.1299657 0.1242829 6.8254384 7.0243501 3.4804362 3.5679615 3.9300311 3.9300311 3.8714970 3.7690567 3.8179394 3.5663602 3.9136622 3.9295945 3.9041032 4.5016768 4.5589387 4.3304283 4.0324157 3.8233026 3.4956365 3.1844825 3.2775791 3.1954911 3.8994311 3.9797926 3.9008584 4.0102510 3.8433706 3.7715757 3.9718409 3.9718409 4.1263691 3.9094528 3.9047947 3.7536576 3.8101262 3.8586105 4.4830384 5.4353550 5.2061895 5.3768385 5.1806825 4.0406778 3.7970661 3.7792143 4.9570764 5.0116541 4.7084321 4.7084321 
HZE77345_amo                  0.3653560 0.1272685 0.1136177 0.0567526 0.0491514 0.0556331 0.0549156 0.0441396 0.0213783 0.0267454 0.0267454 0.0373253 0.0373253 0.0274536 0.0227918 0.0322098 0.0337131 0.0159862 0.0213491 0.0158568 0.0000000 0.0052716 0.1220067 0.0918195 0.1179856 0.1101807 0.1161030 0.0993460 0.1045668 0.1115177 0.1058438 6.9037459 7.1080490 3.5835531 3.5907324 3.9564836 3.9564836 3.8974744 3.8236870 3.8736943 3.6115116 3.9400701 3.9564782 3.9255869 4.4256328 4.4822937 4.3571979 4.0555864 3.8485839 3.5175976 3.2074055 3.3012624 3.2188953 3.9311829 4.0122366 3.9322043 4.0437700 3.8744502 3.8013818 4.0046250 4.0046250 4.1615024 3.9413858 3.9366780 3.7830788 3.8402715 3.8893263 4.5618218 5.5292088 5.2927386 5.4678024 5.2784499 4.1107408 3.8617715 3.8437252 5.0444933 5.0986738 4.7944642 4.7944642 
HEX5187049_amo                0.3565980 0.1206414 0.1071284 0.0508288 0.0549170 0.0615418 0.0491940 0.0384413 0.0268747 0.0212965 0.0212965 0.0318473 0.0318473 0.0218568 0.0170894 0.0267166 0.0279869 0.0106070 0.0159367 0.0105222 0.0052716 0.0000000 0.1285373 0.0981167 0.1245964 0.1166481 0.1226062 0.0930602 0.1110132 0.1180702 0.1123717 6.7943158 6.9919432 3.5299487 3.5372625 3.8963264 3.8963264 3.8380571 3.7643026 3.8130673 3.5575594 3.8799156 3.8953444 3.8653252 4.4557779 4.5127588 4.2870932 3.9918392 3.7904875 3.4657506 3.1610188 3.2535649 3.1715645 3.8701511 3.9503787 3.8719617 3.9800690 3.8143900 3.7434034 3.9420704 3.9420704 4.0955923 3.8800634 3.8754229 3.7257549 3.7818295 3.8300432 4.4940997 5.4490986 5.2187137 5.3901172 5.1947926 4.0504411 3.8060891 3.7882116 4.9695665 5.0241273 4.7206018 4.7206018 
ZJ_NB_contig_28413026||full_3 0.4264801 0.2050195 0.2034784 0.1540562 0.1218153 0.1177149 0.1425568 0.1436236 0.1169942 0.1160787 0.1160787 0.1400890 0.1400890 0.1259114 0.1360939 0.1290643 0.1277079 0.1226437 0.1167957 0.1285373 0.1220067 0.1285373 0.0000000 0.0828567 0.0801501 0.0721164 0.0720421 0.0557405 0.0498032 0.0848715 0.0617030 6.1475954 6.3088646 3.5502318 3.8023758 3.5416904 3.5416904 3.8275399 3.9301078 4.0367601 3.4600650 3.9257826 3.9290788 3.4945202 4.3245050 4.4473201 4.0685809 3.8108155 3.6408245 3.3270907 2.9730471 3.2823695 3.2915509 3.8579977 3.7685310 3.8205652 3.8205685 3.8200502 3.6949962 3.8154645 3.8154645 4.1181985 3.9022597 3.8976167 3.6140369 3.6639223 3.7103590 4.3146752 5.3217247 5.3017853 5.4511515 5.3433732 4.1981822 4.0288977 4.0105680 5.1135933 5.1920804 4.9060042 4.9060042 
A0A128A5D3_amo                0.4130043 0.1786643 0.1825159 0.1322080 0.0991870 0.0909375 0.1233558 0.1155823 0.0982651 0.0975483 0.0975483 0.1096123 0.1096123 0.1066646 0.1150861 0.1164277 0.1208418 0.0984261 0.1042940 0.1097569 0.0918195 0.0981167 0.0828567 0.0000000 0.0785069 0.0557044 0.0556494 0.0495135 0.0557532 0.0668933 0.0553570 6.3253073 6.3862629 3.5267114 3.6480046 3.5698181 3.5698181 3.6581209 3.7381277 3.6864180 3.4497063 3.9015245 3.7778094 3.5814188 4.1896538 4.2091494 4.0694100 3.9117917 3.6609377 3.3166648 3.0273783 3.0767419 3.0596181 3.6775751 3.7553077 3.6848913 3.7746124 3.6233610 3.5431246 3.7879936 3.7879936 3.8477045 3.6483633 3.6439626 3.5827003 3.6423058 3.6056219 4.4631628 5.5015093 5.4956853 5.6803455 5.5180471 4.2774652 4.0715195 4.0529322 5.2768522 5.4957133 5.2093154 5.2093154 
V6AV14_amo                    0.3870702 0.2290952 0.2253712 0.1546048 0.1379215 0.1187852 0.1266690 0.1316334 0.1128216 0.1238295 0.1238295 0.1363379 0.1363379 0.1218221 0.1426516 0.1315533 0.1364676 0.1250013 0.1190430 0.1245964 0.1179856 0.1245964 0.0801501 0.0785069 0.0000000 0.0605983 0.0605379 0.0384181 0.0495475 0.0668505 0.0553215 6.3169297 6.2135497 3.4418148 3.7045048 3.7309111 3.7309111 3.7973129 4.1564721 4.1859133 3.4804010 3.9832057 3.8570914 3.6729916 4.3345450 4.3548225 4.2833250 4.0458679 3.9180823 3.3467315 3.0538320 3.1619455 3.1818834 4.0189172 3.9704664 3.9116806 4.0713399 3.9228605 3.7968554 3.9382715 3.9382715 4.1592825 3.9406278 3.9359471 3.7267735 3.7828008 3.8309676 4.5530866 5.6077988 5.4349374 5.6186811 5.5197738 4.3480231 3.9613235 3.9430658 5.0053521 5.3760879 5.0896707 5.0896707 
A0A075I7P9_amo                0.4179665 0.2150536 0.2186533 0.1483748 0.1059895 0.1000804 0.1305026 0.1256618 0.1050414 0.1042633 0.1042633 0.1047440 0.1047440 0.1137043 0.1222136 0.1115932 0.1159334 0.1170211 0.1111503 0.1048834 0.1101807 0.1166481 0.0721164 0.0557044 0.0605983 0.0000000 0.0105944 0.0324073 0.0322700 0.0603095 0.0490050 6.6307308 6.7026768 3.4433524 3.7240839 3.6556183 3.6556183 3.7447291 3.9977377 4.0222236 3.4708109 3.9536743 3.8279810 3.6066527 4.2190351 4.2386299 4.2132900 3.9652055 3.7785670 3.4163001 3.1132330 3.1538919 3.0114083 3.8952209 3.8728367 3.8283907 3.8948417 3.7660183 3.8575477 3.8665983 3.8665983 4.0516178 3.8399800 3.8353996 3.6274055 3.6881533 3.7350381 4.5246669 5.7419003 5.7230549 5.9194418 5.3831151 4.2600827 4.0026053 3.9840608 5.2316869 5.5826745 5.2951568 5.2951568 
A4GIX5_amo                    0.4253774 0.2216848 0.2251351 0.1546471 0.1119977 0.1060583 0.1365541 0.1317410 0.1110028 0.1101768 0.1101768 0.1106900 0.1106900 0.1198198 0.1283211 0.1175955 0.1220939 0.1229988 0.1171276 0.1108379 0.1161030 0.1226062 0.0720421 0.0556494 0.0605379 0.0105944 0.0000000 0.0323784 0.0322413 0.0602500 0.0489585 6.6101144 6.5759677 3.7910679 3.9492416 3.7358223 3.7358223 3.8116771 4.0717588 4.0946968 3.5706932 4.1942202 4.0700857 3.7085000 4.4062794 4.4254518 4.3311115 4.0115976 3.8627238 3.5164758 3.3132137 3.3827905 3.1761369 4.2595292 3.9673694 3.9578959 3.9548921 3.8617406 3.8970691 4.0540513 4.0540513 4.1074850 3.9082943 3.9040042 3.7610470 3.8195810 3.8645287 4.8197860 5.6561356 5.6218036 5.8030445 5.4296107 4.3692231 4.1430092 4.1254434 5.2836113 5.6177316 5.3492873 5.3492873 
V6AUR0_amo                    0.3963352 0.1928944 0.1896685 0.1212826 0.1188790 0.0874149 0.1065189 0.0997305 0.0940910 0.0925211 0.0925211 0.1046558 0.1046558 0.0895001 0.1100371 0.0996627 0.1036657 0.0933557 0.0874943 0.0930602 0.0993460 0.0930602 0.0557405 0.0495135 0.0384181 0.0324073 0.0323784 0.0000000 0.0215833 0.0382258 0.0271177 6.2050702 6.2618112 3.4119227 3.7390668 3.6501019 3.6501019 3.7310230 3.9959275 4.0249394 3.4689919 3.9108973 3.7870847 3.6119290 4.3557092 4.3760973 4.2078117 3.9758934 3.7784532 3.3354005 3.0436726 3.1498028 3.0677526 3.9287555 3.8828745 3.8253317 3.9158296 3.7738024 3.7283677 3.8705516 3.8705516 4.0868182 3.8730414 3.8684311 3.6580250 3.7193415 3.7666218 4.3825497 5.4463939 5.4360976 5.6187864 5.4283448 4.2881161 3.9010701 3.8829457 5.0574105 5.3953198 5.1091510 5.1091510 
A9A4U4_amo                    0.4253076 0.2033644 0.1999564 0.1301066 0.1173337 0.0943895 0.1248057 0.1199269 0.0993797 0.0986453 0.0986453 0.1226266 0.1226266 0.1079143 0.1183769 0.1177780 0.1162484 0.1113685 0.1054861 0.1110132 0.1045668 0.1110132 0.0498032 0.0557532 0.0495475 0.0322700 0.0322413 0.0215833 0.0000000 0.0380930 0.0161831 6.2430673 6.3728723 3.6397229 3.9716337 3.8824128 3.8824128 3.7796124 4.1837572 4.2098960 3.6957405 4.1809625 4.1088158 3.9163631 4.6326744 4.6545720 4.4512982 4.1910804 4.0150316 3.5146334 3.2085287 3.3363201 3.2083352 4.1931989 4.1058032 4.0600293 4.1763069 4.0598117 3.9710749 4.1096032 4.1096032 4.3530663 4.1340103 4.1292321 3.8912133 3.9073601 3.9563892 4.5316520 5.6116434 5.4710544 5.6250255 5.4629062 4.3432676 3.9982762 3.9801644 5.2109462 5.5360153 5.2539390 5.2539390 
ZJ_WZ_contig_21932960_5       0.4309238 0.2027822 0.1993804 0.1600718 0.1313038 0.1112907 0.1441753 0.1370165 0.1182451 0.1243999 0.1243999 0.1291158 0.1291158 0.1273459 0.1359221 0.1369353 0.1419584 0.1184523 0.1244537 0.1299657 0.1115177 0.1180702 0.0848715 0.0668933 0.0668505 0.0603095 0.0602500 0.0382258 0.0380930 0.0000000 0.0215119 6.1791783 6.2353097 3.5557619 3.8865735 3.7883510 3.7883510 3.7277945 4.1250679 4.0725940 3.5778678 3.9912571 3.8480055 3.6671986 4.4761209 4.4973669 4.3402606 4.0897853 3.8630384 3.4052100 3.1056224 3.2229060 3.1385412 4.0404706 4.0260965 3.9283048 4.0294118 3.8817473 3.8927741 3.8735923 3.8735923 4.1831045 3.8627103 3.8580997 3.7395558 3.8027137 3.8512928 4.4214038 5.4427034 5.4308692 5.6145004 5.5341797 4.3667811 3.9700257 3.9517033 5.1005628 5.3251766 5.0979048 5.0979048 
A0A0D5C0I4_amo                0.4245731 0.2026900 0.1992864 0.1418335 0.1187689 0.1056381 0.1384238 0.1312980 0.1125403 0.0998526 0.0998526 0.1359926 0.1359926 0.1215079 0.1198378 0.1312182 0.1298705 0.1127354 0.1187438 0.1242829 0.1058438 0.1123717 0.0617030 0.0553570 0.0553215 0.0490050 0.0489585 0.0271177 0.0161831 0.0215119 0.0000000 6.1303911 6.1854443 3.5338180 3.8507563 3.7347027 3.7347027 3.6628932 4.0778428 4.1081665 3.5881034 3.9758449 3.8328492 3.7061118 4.3842441 4.4049500 4.2816859 4.0432889 3.8394646 3.3858312 3.0877967 3.1862251 3.1123281 4.0247705 3.9466771 3.8879225 4.0118742 3.8646623 3.8104824 3.9352930 3.9352930 4.1805065 3.9600581 3.9553494 3.7377409 3.8007866 3.8492839 4.4111658 5.4679313 5.4307998 5.5845095 5.4385085 4.2976302 3.8714468 3.8534211 5.0649696 5.3852539 5.0989171 5.0989171 
A9QPD8_pmo                    7.0836097 6.2315149 6.1995487 6.2895231 6.6952554 6.9199522 6.4607468 6.5620249 6.5547349 6.7142636 6.7142636 6.7735037 6.7735037 6.3662484 6.9110229 6.7262897 6.8801226 6.6998485 6.7071209 6.8254384 6.9037459 6.7943158 6.1475954 6.3253073 6.3169297 6.6307308 6.6101144 6.2050702 6.2430673 6.1791783 6.1303911 0.0000000 0.0948116 3.7154957 2.6039703 3.1573802 3.0276239 3.5950831 3.2770506 3.3142022 3.0513595 3.6432098 3.5779095 3.9874490 3.7717844 3.9341529 4.1327270 3.5060974 2.8878150 3.1733316 3.2828456 2.7315299 2.4252122 3.5860972 3.3759544 3.0847014 2.9968763 2.8428472 3.1246810 3.3226350 3.3226350 2.8890065 2.8846622 2.8823213 3.0475881 2.8387676 2.8340142 2.2427648 2.0076261 2.2359513 2.3626888 2.8878906 2.6656905 2.6259842 2.6587748 2.7490607 2.7329189 2.6027921 2.6589687 
I0JY71_pmo                    7.1444131 6.4108079 6.3649858 6.4796114 6.9754331 7.1249025 6.6399337 6.7456393 6.8187182 6.9097644 6.9097644 6.9705336 6.9705336 6.5434222 7.1160628 6.9205223 7.0839859 6.8930769 6.9007135 7.0243501 7.1080490 6.9919432 6.3088646 6.3862629 6.2135497 6.7026768 6.5759677 6.2618112 6.3728723 6.2353097 6.1854443 0.0948116 0.0000000 3.8267650 2.7181895 2.9467207 2.8598833 3.6855521 3.2143690 3.3036426 3.0686332 3.5135336 3.4603459 3.9117040 3.6838965 3.8113814 4.0271076 3.3978674 2.9597968 3.0550086 3.2057119 2.7157133 2.4834096 3.7436837 3.1958439 2.9432975 3.0719544 2.9218222 3.0740018 3.3891672 3.3891672 2.9230656 2.8910471 2.8887071 2.9287267 2.8065629 2.8018328 2.2502872 2.0996001 2.1582787 2.2797512 2.9974079 2.8170889 2.6268671 2.6359823 2.7008504 2.6959496 2.5215969 2.5755032 
MBL4607145_pmo                3.8486987 3.3870023 3.3721050 3.3649279 3.3728726 3.5376602 3.4796820 3.5804384 3.5497105 3.4495498 3.4495498 3.4396976 3.4396976 3.6105088 3.4568075 3.3657862 3.2836728 3.4148875 3.3765000 3.4804362 3.5835531 3.5299487 3.5502318 3.5267114 3.4418148 3.4433524 3.7910679 3.4119227 3.6397229 3.5557619 3.5338180 3.7154957 3.8267650 0.0000000 1.4063439 1.1897012 1.1294853 1.4523923 1.2095086 1.2209176 1.2753624 1.1088490 1.0872859 1.4586082 1.4303242 1.4164500 1.4875451 1.3019695 0.9761494 1.0467241 1.0976415 0.9855794 0.9983333 1.1715512 1.2120552 1.2956373 1.2049303 1.1828300 1.1470461 1.0504595 1.0504595 1.2929923 1.2715089 1.2702603 1.2946840 1.2249689 1.2243420 2.7440126 2.5787712 2.5507345 2.6108729 2.7215089 2.3781468 2.4468798 2.4198036 2.2296941 2.6023318 2.5070684 2.4693170 
WP_289274549_pmo              3.8628783 3.7952215 3.6375446 3.6242945 3.5415193 3.3942200 3.3519680 3.4530324 3.5629926 3.4662760 3.4662760 3.5262670 3.5262670 3.4428927 3.4925334 3.5191078 3.4787222 3.4904010 3.5303526 3.5679615 3.5907324 3.5372625 3.8023758 3.6480046 3.7045048 3.7240839 3.9492416 3.7390668 3.9716337 3.8865735 3.8507563 2.6039703 2.7181895 1.4063439 0.0000000 1.1753944 1.1127585 1.4798884 1.4319311 1.5101157 1.2417197 1.4136431 1.5079333 1.5745128 1.8672369 1.8718170 1.6469650 1.4668489 1.0911039 1.1042986 1.2253681 1.1321373 1.0051071 1.5528991 1.6302275 1.5486421 1.2082277 1.1947377 1.2370487 1.2242966 1.2242966 1.1231900 1.0922800 1.0911756 1.2458296 1.1946207 1.2262953 1.8393257 1.8078788 1.7169253 1.8048704 2.0815579 1.6559347 1.8308902 1.8539483 2.0131608 1.8734843 1.8601246 1.9008482 
WP_135281517_pmo              4.1459808 4.1219434 3.9412918 4.0765931 3.8687633 3.7498733 3.7683432 3.8896982 3.9843586 3.7940959 3.7940959 3.8833432 3.8833432 4.0049632 3.7695165 3.8799332 3.8275405 3.8486417 3.8925427 3.9300311 3.9564836 3.8963264 3.5416904 3.5698181 3.7309111 3.6556183 3.7358223 3.6501019 3.8824128 3.7883510 3.7347027 3.1573802 2.9467207 1.1897012 1.1753944 0.0000000 0.0000010 1.3986176 0.9582385 0.9677197 1.1374480 1.0370129 0.9779203 1.1662651 1.4055240 1.3937746 1.1250199 1.1157957 0.7998234 0.8139756 0.8565880 0.9181200 0.7533150 1.1081295 1.0108522 0.9615743 0.8683045 0.9040435 1.0085588 0.9460406 0.9460406 0.9154564 0.9695068 0.9685300 0.8593571 0.9188198 0.9262141 2.6394218 2.4110927 2.6581841 2.5907955 2.7402162 2.4107031 2.4126588 2.4346072 2.4715077 2.4899774 2.3227136 2.3245741 
NCU01081_pmo                  4.1459808 4.1219434 3.9412918 4.0765931 3.8687633 3.7498733 3.7683432 3.8896982 3.9843586 3.7940959 3.7940959 3.8833432 3.8833432 4.0049632 3.7695165 3.8799332 3.8275405 3.8486417 3.8925427 3.9300311 3.9564836 3.8963264 3.5416904 3.5698181 3.7309111 3.6556183 3.7358223 3.6501019 3.8824128 3.7883510 3.7347027 3.0276239 2.8598833 1.1294853 1.1127585 0.0000010 0.0000000 1.3320611 0.8574653 0.8715093 1.0585707 0.9600267 0.9053700 1.0768475 1.2804666 1.2741950 1.0323902 1.0149967 0.7439851 0.7277399 0.7742942 0.9011109 0.7533150 1.0221643 0.9227125 0.8793225 0.8074693 0.8054403 1.0026069 0.9234930 0.9234930 0.8938874 0.9634785 0.9624979 0.8131443 0.9004024 0.9077135 2.5219508 2.2562720 2.5079087 2.4435833 2.5693186 2.3001705 2.2516093 2.2723103 2.3110551 2.3349039 2.2148065 2.2148065 
ZJ_WZ_contig_9427673_3        3.8329006 4.1273129 3.8663352 3.9458253 3.7978019 3.8912374 3.8162984 4.0330375 3.9047114 3.7502092 3.7502092 3.8189522 3.8189522 3.9338668 3.7597214 3.8169434 3.7260694 3.7858431 3.8294106 3.8714970 3.8974744 3.8380571 3.8275399 3.6581209 3.7973129 3.7447291 3.8116771 3.7310230 3.7796124 3.7277945 3.6628932 3.5950831 3.6855521 1.4523923 1.4798884 1.3986176 1.3320611 0.0000000 0.9522990 1.0134241 1.1885315 0.8126742 0.8684478 1.1572970 1.0619496 1.0706277 1.0432255 1.0243871 1.0600233 0.9633788 1.0185198 1.0198728 0.9719854 0.8798995 0.8718230 0.8931484 0.8799271 0.9068882 1.0401258 0.7589310 0.7589310 0.9698331 0.9718120 0.9805557 0.9817122 0.9154173 0.9264011 2.8404075 2.9186935 2.8652989 2.8422987 3.2147995 2.9497002 2.5473163 2.5759531 3.0452454 3.2046130 2.9963517 3.0678429 
PCI41358_pmo                  3.9808854 3.7968558 3.5550730 3.9888285 3.6992703 3.7551237 3.7333371 3.8321308 3.8245260 3.6762920 3.6762920 3.7169358 3.7169358 3.9743277 3.6854380 3.7150719 3.6240599 3.7121904 3.7274349 3.7690567 3.8236870 3.7643026 3.9301078 3.7381277 4.1564721 3.9977377 4.0717588 3.9959275 4.1837572 4.1250679 4.0778428 3.2770506 3.2143690 1.2095086 1.4319311 0.9582385 0.8574653 0.9522990 0.0000000 0.2131877 1.0004924 0.9507713 0.9282335 1.0000332 1.0348891 1.0135752 0.9470789 0.9513596 0.8898304 0.7014891 0.7729062 0.8390353 0.7873382 0.9508421 0.8593527 0.8858692 0.7357797 0.8277797 0.8990477 0.9272110 0.9272110 0.9454290 0.9422621 0.9379520 0.8942017 0.9207619 0.9324225 2.6337561 2.6616016 2.5608220 2.5775855 2.7097544 2.5810776 2.2282862 2.2949626 2.6253707 2.6462038 2.5022374 2.5594256 
PCJ16607_pmo                  4.1384268 3.7215708 3.5561884 3.9987786 3.7499173 3.7285987 3.8131629 3.8376192 3.9060566 3.7234121 3.7234121 3.6916323 3.6916323 4.0642535 3.7329773 3.7627767 3.6703479 3.7598428 3.7753946 3.8179394 3.8736943 3.8130673 4.0367601 3.6864180 4.1859133 4.0222236 4.0946968 4.0249394 4.2098960 4.0725940 4.1081665 3.3142022 3.3036426 1.2209176 1.5101157 0.9677197 0.8715093 1.0134241 0.2131877 0.0000000 0.9576997 0.9275135 0.8213499 1.0322927 1.0640242 1.0790278 1.0240189 0.9877615 0.8283658 0.6852626 0.7024395 0.8701080 0.7711570 0.8775388 0.9260919 0.8791312 0.7438949 0.8202162 0.9959350 0.9797367 0.9797367 0.9535039 0.9865478 0.9821416 0.9579066 0.9738628 0.9633174 2.5988180 2.6303639 2.5863774 2.5364522 2.7282990 2.5131219 2.3019521 2.3300001 2.4010385 2.4362805 2.3323742 2.3853095 
MBV1869824_pmo                4.2383620 3.6409453 3.5028481 3.7216197 3.5690224 3.5725602 3.5635836 3.6671046 3.6711471 3.5328221 3.5328221 3.5087675 3.5087675 3.7800624 3.4886147 3.5695348 3.4835007 3.5622902 3.5764773 3.5663602 3.6115116 3.5575594 3.4600650 3.4497063 3.4804010 3.4708109 3.5706932 3.4689919 3.6957405 3.5778678 3.5881034 3.0513595 3.0686332 1.2753624 1.2417197 1.1374480 1.0585707 1.1885315 1.0004924 0.9576997 0.0000000 1.0808800 1.0071005 0.9776890 1.0476973 1.0513052 1.1479787 1.0594051 0.7293112 0.7943189 0.8151228 0.8331192 0.7726333 1.1882139 1.1071937 1.0208395 0.8393742 0.8925857 0.9014214 0.8120550 0.8120550 0.9456749 0.9427507 0.9417704 0.9866906 0.9187819 0.9313991 2.4536211 2.1708901 2.2568414 2.2617326 2.9076588 2.5390620 1.9659938 1.9690649 2.2898919 2.1826937 2.1454167 2.1935074 
PCI51492_pmo                  4.1945722 3.9801155 3.8002265 4.0810934 3.8130128 3.8567039 3.8839105 3.9416641 3.9757131 3.7911091 3.7911091 3.8636131 3.8636131 4.0053540 3.8009367 3.8583944 3.7667713 3.8270214 3.8710136 3.9136622 3.9400701 3.8799156 3.9257826 3.9015245 3.9832057 3.9536743 4.1942202 3.9108973 4.1809625 3.9912571 3.9758449 3.6432098 3.5135336 1.1088490 1.4136431 1.0370129 0.9600267 0.8126742 0.9507713 0.9275135 1.0808800 0.0000000 0.1979125 0.9633918 1.1276901 1.1039238 0.9032816 0.8410869 0.9289724 0.7920727 0.7568629 0.8519093 0.8000138 1.0850859 0.8340495 0.7944429 0.7646776 0.7279112 0.9047361 0.7210692 0.7210692 0.8594344 0.8817346 0.8807863 0.8470567 0.8356566 0.8360850 3.0415482 2.6710870 2.5637830 2.5241464 2.5937935 2.4716694 2.1229803 2.1182061 2.3385769 2.4172857 2.3660972 2.4214420 
PCJ21630_pmo                  4.2665455 4.0136562 3.8438313 3.9321879 3.9050300 3.9322418 3.9008644 4.0194794 3.9925328 3.8051844 3.8051844 3.8787530 3.8787530 4.0229773 3.8152334 3.9515039 3.8567790 3.9190372 3.9646712 3.9295945 3.9564782 3.8953444 3.9290788 3.7778094 3.8570914 3.8279810 4.0700857 3.7870847 4.1088158 3.8480055 3.8328492 3.5779095 3.4603459 1.0872859 1.5079333 0.9779203 0.9053700 0.8684478 0.9282335 0.8213499 1.0071005 0.1979125 0.0000000 0.9284310 1.0646180 1.0619139 0.9171902 0.8627011 0.8431139 0.7097979 0.7150026 0.7932446 0.7478401 0.9760820 0.6742284 0.6875384 0.7206678 0.6775610 0.8440132 0.6306613 0.6306613 0.7577252 0.7825903 0.7817247 0.8298981 0.8172106 0.8176032 3.0169073 2.7541297 2.6056751 2.5475323 2.6472858 2.4743965 2.1381775 2.1418844 2.3238102 2.3949895 2.3664639 2.4220868 
MBV1872017_pmo                3.7225556 3.8040156 3.7252357 3.9549338 3.8255249 3.7361993 3.7416867 3.7620091 3.9073245 3.7918163 3.7918163 3.7803685 3.7803685 3.8937060 3.8193948 3.8486891 3.7587768 3.8123827 3.8564631 3.9041032 3.9255869 3.8653252 3.4945202 3.5814188 3.6729916 3.6066527 3.7085000 3.6119290 3.9163631 3.6671986 3.7061118 3.9874490 3.9117040 1.4586082 1.5745128 1.1662651 1.0768475 1.1572970 1.0000332 1.0322927 0.9776890 0.9633918 0.9284310 0.0000000 0.5382477 0.5196059 0.6613623 0.6453253 0.8942553 0.8728226 0.9033364 0.9117841 0.8434817 1.0239349 0.9287234 0.8287763 0.7793772 0.8764603 0.8269413 0.7290888 0.7290888 0.8574888 0.8972150 0.8889362 0.8768796 0.8731142 0.8797135 3.2101536 2.9206003 2.8526921 2.8065351 3.2772689 2.8863297 2.6748750 2.6399499 2.8610972 2.9658955 2.9107097 2.9801994 
MBV1869960_pmo                4.0911124 4.7232538 4.6164536 4.5442762 4.2507391 4.3785003 4.4130804 4.5394281 4.4253866 4.3526420 4.3526420 4.4395240 4.4395240 4.6263488 4.3679254 4.4285053 4.3202604 4.3859424 4.4384080 4.5016768 4.4256328 4.4557779 4.3245050 4.1896538 4.3345450 4.2190351 4.4062794 4.3557092 4.6326744 4.4761209 4.3842441 3.7717844 3.6838965 1.4303242 1.8672369 1.4055240 1.2804666 1.0619496 1.0348891 1.0640242 1.0476973 1.1276901 1.0646180 0.5382477 0.0000000 0.0431164 0.4747601 0.5019344 1.0384936 0.9089332 0.8493608 0.9458104 0.9030587 0.8228978 0.8678113 0.8555512 0.7644776 0.7950787 0.8439951 0.7645137 0.7645137 0.8419731 0.8947906 0.9031799 0.8531395 0.8371093 0.8203231 3.1386331 3.2556689 3.1372673 3.0456297 3.8928159 3.4677986 3.1226594 3.0846072 3.0004267 3.3292799 3.2496388 3.3311879 
MBV1871176_pmo                4.1427452 4.7893586 4.6757553 4.6084159 4.3034611 4.4341838 4.4687683 4.5970302 4.4796386 4.4084629 4.4084629 4.4960686 4.4960686 4.6861542 4.4242099 4.4847890 4.3756963 4.4419851 4.4948313 4.5589387 4.4822937 4.5127588 4.4473201 4.2091494 4.3548225 4.2386299 4.4254518 4.3760973 4.6545720 4.4973669 4.4049500 3.9341529 3.8113814 1.4164500 1.8718170 1.3937746 1.2741950 1.0706277 1.0135752 1.0790278 1.0513052 1.1039238 1.0619139 0.5196059 0.0431164 0.0000000 0.4672106 0.4986466 1.0592988 0.9027198 0.8797970 0.9460890 0.9046284 0.8025907 0.9351908 0.9117228 0.7737414 0.8150097 0.8513352 0.7590888 0.7590888 0.8604295 0.9018287 0.8934940 0.8436951 0.8335456 0.8398223 3.1698719 3.1890571 3.1208513 3.0301181 3.8341595 3.4539314 3.1530759 3.1080886 3.0793860 3.4089522 3.2777164 3.3600412 
MBV1870405_pmo                4.0954729 4.3473366 4.1434350 4.5043576 4.2657273 4.2188541 4.2796401 4.3979018 4.3887682 4.1908857 4.1908857 4.2763722 4.2763722 4.5789869 4.2043413 4.2707380 4.1686860 4.2304546 4.2798940 4.3304283 4.3571979 4.2870932 4.0685809 4.0694100 4.2833250 4.2132900 4.3311115 4.2078117 4.4512982 4.3402606 4.2816859 4.1327270 4.0271076 1.4875451 1.6469650 1.1250199 1.0323902 1.0432255 0.9470789 1.0240189 1.1479787 0.9032816 0.9171902 0.6613623 0.4747601 0.4672106 0.0000000 0.3171250 0.8604563 0.9316858 1.1049560 0.8479396 0.8145512 0.8703199 0.7734335 0.7930523 0.7294661 0.7397613 0.8400667 0.7133857 0.7133857 0.8542545 0.9108434 0.9098857 0.7411776 0.7622162 0.7520587 3.4090392 2.9452310 2.9412384 2.9560907 3.4631173 3.1871118 2.8299867 2.7900958 3.0028946 3.1517166 3.0232948 3.0955166 
HEX4975247_pmo                3.8066689 4.0677866 3.9830315 4.1805333 3.9093351 4.0162265 3.9883592 4.0939469 4.0863275 3.9033513 3.9033513 3.9812197 3.9812197 4.2546499 3.9142988 3.9789613 3.8832608 3.9410971 3.9872192 4.0324157 4.0555864 3.9918392 3.8108155 3.9117917 4.0458679 3.9652055 4.0115976 3.9758934 4.1910804 4.0897853 4.0432889 3.5060974 3.3978674 1.3019695 1.4668489 1.1157957 1.0149967 1.0243871 0.9513596 0.9877615 1.0594051 0.8410869 0.8627011 0.6453253 0.5019344 0.4986466 0.3171250 0.0000000 0.9124774 0.8102310 0.8544155 0.7753192 0.7101123 0.8198568 0.7222506 0.7767271 0.6422078 0.7101420 0.7615913 0.6809005 0.6809005 0.7251629 0.7010185 0.7001573 0.6410200 0.5958429 0.6138232 3.2137115 3.0718905 2.7242768 2.6856411 3.5394639 2.9134025 2.9950611 2.9451187 2.8557482 2.9813192 2.9421189 3.0133192 
