Candidatus.Falkowbacteria Chlamydiae Fibrobacteres Candidatus.Latescibacteria Candidatus.Parcubacteria Calditrichaeota Tenericutes Candidatus.Kariarchaeota Candidatus.Bathyarchaeota Spirochaetes candidate.division.WWE3 Candidatus.Rokubacteria candidate.division.Zixibacteria Candidatus.Schekmanbacteria Candidatus.Dadabacteria Candidatus.Krumholzibacteriota Candidatus.Hydrogenedentes Nitrospinae Euryarchaeota Ignavibacteriae Deinococcus.Thermus Thaumarchaeota Rhodothermaeota Thermoplasmatota Lentisphaerae Kiritimatiellaeota Candidatus.Aminicenantes Candidatus.Eisenbacteria Unclassified.Bacteria Verrucomicrobia Other.Proteobacteria Nitrospirae Thermodesulfobacteria Gemmatimonadetes Proteobacteria.Betaproteobacteria Firmicutes Planctomycetes Cyanobacteria Actinobacteria Bacteroidetes Acidobacteria Proteobacteria.Alphaproteobacteria Chloroflexi Proteobacteria.Deltaproteobacteria Proteobacteria.Gammaproteobacteria Candidatus.Falkowbacteria.HOST Chlamydiae.HOST Fibrobacteres.HOST Candidatus.Latescibacteria.HOST Candidatus.Parcubacteria.HOST Calditrichaeota.HOST Tenericutes.HOST Candidatus.Kariarchaeota.HOST Candidatus.Bathyarchaeota.HOST Spirochaetes.HOST candidate.division.WWE3.HOST Candidatus.Rokubacteria.HOST candidate.division.Zixibacteria.HOST Candidatus.Schekmanbacteria.HOST Candidatus.Dadabacteria.HOST Candidatus.Krumholzibacteriota.HOST Candidatus.Hydrogenedentes.HOST Nitrospinae.HOST Euryarchaeota.HOST Ignavibacteriae.HOST Deinococcus.Thermus.HOST Thaumarchaeota.HOST Rhodothermaeota.HOST Thermoplasmatota.HOST Lentisphaerae.HOST Kiritimatiellaeota.HOST Candidatus.Aminicenantes.HOST Candidatus.Eisenbacteria.HOST Unclassified.Bacteria.HOST Verrucomicrobia.HOST Other.Proteobacteria.HOST Nitrospirae.HOST Thermodesulfobacteria.HOST Gemmatimonadetes.HOST Proteobacteria.Betaproteobacteria.HOST Firmicutes.HOST Planctomycetes.HOST Cyanobacteria.HOST Actinobacteria.HOST Bacteroidetes.HOST Acidobacteria.HOST Proteobacteria.Alphaproteobacteria.HOST Chloroflexi.HOST Proteobacteria.Deltaproteobacteria.HOST Proteobacteria.Gammaproteobacteria.HOST
Candidatus.Falkowbacteria 1 0.915281000314963 0.00238453997446181 -0.0937031995868437 -0.0556256866078404 -0.166694975578935 -0.0883076728468912 -0.00117625742899837 0.0340408111846116 0.529451393479095 0.339584787489903 0.00534656035786808 0.00786727936212022 -0.0778193809022306 0.507958785001951 -0.153852317167618 -0.109710021978289 0.455533385916705 -0.0608474808687438 0.372650574067777 -0.035194657817206 0.315728857014118 -0.0900416817555626 0.125692115469656 0.28245837361766 0.332142148067379 -0.0779606842122786 -0.00914324210950129 0.209964509036766 0.028372145297897 0.453596191771468 -0.0230048687496891 0.302096893289103 0.29958556102698 0.0950771577846711 -0.128044918530937 0.0689160929367355 -0.0596115509118474 0.361271187928921 0.214616741169359 0.071282993590838 0.380486893596281 0.127991147829023 -0.0168662721721452 0.136478658521719 -0.0811504514278224 -0.075817562279435 -0.0697817184298523 -0.0342210018787812 -0.0908649809305432 -0.156983585771281 -0.1140423640508 -0.0196943476153844 -0.0756992995441635 -0.0743065769027306 0.302108278970563 -0.115161680056284 0.0179493538566738 -0.0390269398846918 0.499402007488778 -0.102537812541229 -0.158946402871709 0.41146434933757 -0.0661863660915395 -0.14751186195641 -0.00815528308566852 0.458045420385814 -0.105739525004683 -0.109040730959124 -0.122510008831924 -0.133995938504709 -0.0714517609424399 -0.124294181713567 -0.131036606376583 0.295193614051631 0.406440040542476 0.405517640781498 0.0543152321663067 -0.00163561606775832 0.415262332808836 -0.118496058587372 -0.0630287750220701 -0.0843312000208943 0.499708464660912 -0.263021134504284 0.0795800749574465 -0.0113075339766657 0.0535774258133026 -0.0633253198788396 0.311171417729608
Chlamydiae 0.915281000314963 1 0.00113486979165769 -0.0858894404030073 -0.0504892782573184 -0.159224420384127 -0.0801534495754789 0.00573600932664223 0.0435643229241307 0.593650417204748 0.320854812964408 -6.07869411251153e-06 0.0106850247536083 -0.0645404220621311 0.507390796831107 -0.142961461416911 -0.101724388821402 0.474994175804866 -0.0552288983774242 0.425771856323254 -0.0273219919379153 0.344333370650519 -0.0817273422072732 0.148852489705238 0.283638688596025 0.33916629811885 -0.0710878686885959 -0.00422178807334718 0.235736988838548 0.0420536441351123 0.455115452952248 -0.0117349131108452 0.303848546849303 0.303331986773934 0.092047548461226 -0.108297159243597 0.0817670263607839 -0.0518046818687858 0.352547208357963 0.266320637731932 0.0730964162891778 0.394342142642505 0.134004722337164 -0.00856323156123598 0.142365566668107 -0.0736571172906443 -0.0688166606500531 -0.0633381592917194 -0.0312269557660657 -0.0846891049883283 -0.148519532281095 -0.103511830645371 -0.00938193403821003 -0.0687093181521405 -0.0674451978281198 0.303897742494452 -0.106900809424924 0.0169836331633316 -0.0332262791270723 0.501775385532927 -0.107443324590942 -0.154781955790473 0.404388443071182 -0.0600747974221943 -0.140521437307749 -0.00313978016400237 0.47826878378491 -0.096890900798745 -0.0976955292212155 -0.111809692478944 -0.124043042099309 -0.0653782999805345 -0.112912081829683 -0.11299702243501 0.253021276560908 0.383441874674577 0.39710548527154 0.0577655329000063 -0.000848751077876974 0.397397181739258 -0.102843331204558 -0.0565644419638647 -0.078128607892159 0.471941579623044 -0.250049841251635 0.0821232433772798 -0.00974748713911931 0.0633147803682542 -0.0437640457064538 0.286938650104403
Fibrobacteres 0.00238453997446181 0.00113486979165769 1 -0.0962512491465287 -0.0565803674813954 -0.172611288515224 -0.080370961951312 0.895521140269708 0.847394211504052 0.113359767184435 -0.0584703523216869 0.683196396954353 0.00431579354144651 -0.193076960345292 0.681664143647834 -0.160208509644792 -0.114418359485298 0.596877717928837 -0.0618917812582191 0.266460900096368 0.136869113573278 0.667760112903013 -0.0915870302561715 0.0705726989969767 0.622169259319398 0.14535072090774 -0.0796639974406236 -0.0341869979882393 0.490448605351536 -0.0785729359946517 0.680058747226516 -0.0404095317541569 0.715606254761046 -0.0476823243337917 0.109419786172418 -0.000480743568599624 0.199197253448125 -0.0604938160328892 0.29776671851245 0.425143228186131 -0.0517903938314878 0.209107265494908 0.041696337484877 -0.118655397621107 -0.0658715132398434 -0.0825432033843903 -0.077118788044036 -0.0709793534788981 -0.0349942144857889 -0.0949061037769051 -0.166437113079772 0.136681064757632 0.896278504053903 -0.0769984956138825 -0.0755818702442493 -0.0588425200306163 -0.119797455818139 0.0496247476372042 -0.152256384327913 0.613332487073132 -0.160733221315082 -0.16526528982772 0.509559755079558 -0.0673222955811505 -0.157474117997198 0.0124354285091671 0.454877677621039 -0.108579939385483 -0.112987172381327 0.60498326926285 0.284694584216807 -0.0732656192737587 -0.110491320377492 0.42763341136988 0.366825125605279 0.465753564659505 0.376449163107569 0.550948038504191 -0.0187771852995815 0.58336930534431 -0.021511074428193 0.138573953991469 -0.0875541401645499 0.573085105799873 -0.106869964026168 -0.0628212489093422 -0.129327289979975 0.0331653535285224 -0.0839488075842079 0.11696734561264
Candidatus.Latescibacteria -0.0937031995868437 -0.0858894404030073 -0.0962512491465287 1 0.283161678633994 0.14907414149821 0.422074298980349 0.0174670635366863 -0.0868027202582885 0.202266415150797 0.507685603208187 0.233858408190696 0.536435326525039 0.00833051400636973 -0.132087299974744 0.0918126435376568 -0.060138281693357 0.0609742503425814 -0.0614818895336848 0.030388255542531 0.0145898596313461 0.0334488380988562 -0.0909804753144087 0.139154101360682 0.195590801588333 0.247737018595145 0.325635496557279 -0.214178225722469 0.324164833196452 0.0522703327694927 0.0734085074387943 -0.137350353449274 0.238622242067857 -0.0587972263134044 0.0303036390468466 0.116279545142819 -0.0728560113371423 -0.0742434453203709 -0.184796558993045 0.157660828917444 -0.0844820386652905 0.0149741341939221 0.212833722586508 0.144304260970581 0.0273465850103847 -0.0819965431445976 0.389711206424109 -0.0705092773393472 0.65475640693833 0.44178479491312 0.0582646333890444 0.393820883036785 0.0374786421016285 -0.0764885564020501 0.344424001683722 0.547604550614099 -0.119004071223903 0.506531173884224 0.0278539311940496 -0.157546486912381 -0.0711862453974526 0.281187936166871 0.0978206687332008 -0.0668764390994921 0.16054441315746 -0.0393001682119067 0.165557779068829 -0.107860845223064 -0.102824590399931 0.242882765351184 0.312277706859214 0.501344602282229 -0.0792041774574146 -0.045519448689429 0.116636515527943 0.0694148114618497 -0.124158866186706 0.35470811938686 -0.0774823279724747 0.0103441683138055 0.101386151450517 -0.000152792920971239 -0.07110713019882 -0.0835157454577017 0.183725036338753 -0.0776649117072228 -0.092878699444668 0.135876075066983 0.337508287894693 0.155290302028652
Candidatus.Parcubacteria -0.0556256866078404 -0.0504892782573184 -0.0565803674813954 0.283161678633994 1 0.314906059969093 0.510433198707867 0.0981230414209188 -0.0526081001315044 -0.0913515095589442 -0.0615821370667781 0.390805616058752 0.0964392689332373 -0.11312186866294 -0.0776462439549116 0.132721613078955 0.00346855470213856 0.240262016120719 -0.0361415351396705 0.149437223346392 0.010478053623716 0.101093111463723 -0.0534819939747964 0.248933671821518 0.384379207899177 0.215125795393298 -0.0465195718128498 -0.126123363475721 0.325113950128408 0.187768667045594 0.163217213011465 -0.0800373770251795 0.12194762662044 -0.0482908805729217 -0.00851083894082645 0.263576541938836 0.071113729107672 -0.0449982224124738 -0.0926736519474034 0.213446517165995 -0.0550840521984988 0.186410223616079 0.116511657128335 -0.0350428500618618 -0.0480667253495609 -0.048200876190839 0.523646981644676 -0.0414481978995882 -0.0204347751318815 0.762957772371678 0.157738794982194 0.553035454341838 0.121425507016067 -0.0449630593651939 0.335874230378167 -0.0578473884007096 -0.0699553942555082 0.00432836070257483 -0.103744516006891 -0.0926121811815141 -0.0172178280817824 0.522384313596767 0.237119645531614 -0.0393126690162326 0.230267401482434 -0.0422999197888497 0.228638536553222 -0.063404956441492 -0.0660917241490309 0.402542267760351 0.283399192838058 -0.0427832565113099 -0.0782995402766112 -0.085209539617261 0.210171786123142 0.220144582865857 -0.0321272470306289 -0.0285327823714097 -0.0359608134468654 0.121481345006112 0.228582355401105 0.0191518709910475 -0.0441233122090046 0.0584548896524236 0.160105527707266 -0.057485394387255 -0.00853531360692688 0.0117498382345874 0.209722860630999 0.109925993868636
Calditrichaeota -0.166694975578935 -0.159224420384127 -0.172611288515224 0.14907414149821 0.314906059969093 1 0.293503350274439 -0.0878554752064083 -0.156885612395362 -0.257771806582951 -0.0901434808999603 0.100756904331524 -0.00867227223841753 -0.194978401162528 -0.236573121493495 -0.0186863855180961 -0.110911366827807 -0.130185117204362 -0.109445682269621 -0.14697561495098 -0.061034179792869 -0.135590613316351 -0.168662333579506 0.0285509707521531 0.0527589671951395 0.0348399816625262 -0.113295737387507 -0.157164767645706 0.0995622780857615 0.235664351219014 -0.153866661778263 -0.0639286964219108 -0.173027004854937 0.304407517411701 -0.226242347864021 -0.0168365132293356 0.213611733491865 -0.138841047076392 -0.20796892166242 0.0299901689603771 0.522439807600859 0.114859091593956 0.185485333539806 -0.115946012585899 -0.144508536301956 -0.152007650701186 0.27270940515052 -0.13071221285624 -0.0096404864001097 0.358753685667544 0.928321681554703 0.27488119585584 -0.0720935673808352 -0.141796779697131 0.196816959173699 -0.0810090924895996 -0.0954365585603077 -0.061432708248666 -0.100847903371982 -0.048676215187704 0.126522183266941 0.537168513651582 -0.0880302328614444 -0.116518910658193 -0.0136967148145734 -0.214954289278468 -0.100851013927936 -0.0989298157212934 -0.199781505068329 0.120022364697668 0.189110813518354 -0.0876101831415723 0.230269555472488 -0.286054901220088 -0.022771338299823 0.254351849250472 -0.134618620366441 -0.181853588317598 0.474112006996983 -0.23277393897751 0.0462253527670856 0.408605537905656 -0.121740882346795 0.0485282825642365 0.179556837556105 0.522386250179119 0.386043189906149 0.304084626227075 -0.000773786099124406 -0.0475196114380308
Tenericutes -0.0883076728468912 -0.0801534495754789 -0.080370961951312 0.422074298980349 0.510433198707867 0.293503350274439 1 0.17879130609015 -0.0661264126359113 -0.141554855465173 -0.0977197821976958 0.539756450153059 0.094432099483202 -0.21378252623396 -0.117417730630553 0.14649120152069 -0.00353382093564419 0.425839223723316 -0.0573759184996486 0.302609355054905 0.0270636896160905 0.0942281682062206 -0.0849044877490113 0.279717437948677 0.554257226087658 0.299638477396347 -0.0738514053334414 -0.199083337865844 0.421563165267665 0.279733021346573 0.23698247725709 -0.129685426864504 0.167208129881333 -0.0800277453745088 -0.008058838518623 0.498826589710768 0.0858018170649255 -0.0616720629929008 -0.143471483078976 0.255333118464103 -0.0905790269431034 0.255064112711533 0.172883214808608 -0.0334662948419022 -0.100414647517994 -0.0765205333212762 0.710080184287236 -0.0656172861890683 -0.0324409018043767 0.870550844964978 0.16575895495073 0.915347889809663 0.20944150725368 -0.0710898841168779 0.927718204956227 -0.0918298863693202 -0.111056571999598 0.00026497423763212 -0.165131909822401 -0.141153198814071 -0.047524246014291 0.696062981552873 0.44517016444009 -0.0624102015800424 0.369537821758792 -0.0726708724253625 0.280800772581554 -0.10065752877408 -0.104922864057142 0.636976363380536 0.806945415396933 -0.0679198774832356 -0.124117406001339 -0.131248960188599 0.339640551509132 0.345875384029577 -0.0514200620564628 -0.0658276257562191 -0.0599003604801608 0.182438513471501 0.458088569646092 0.0145404087352025 -0.0541786870332129 0.0900725137777971 0.205843252849749 -0.0989364155355061 -0.0194111910502858 0.00448495065092851 0.269504334498296 0.129446309477923
Candidatus.Kariarchaeota -0.00117625742899837 0.00573600932664223 0.895521140269708 0.0174670635366863 0.0981230414209188 -0.0878554752064083 0.17879130609015 1 0.857370864229816 0.108831620695307 -0.0788312157717756 0.828097050594016 0.0330128868333117 -0.232972160535737 0.688607051596847 -0.114718758989341 -0.112432799045076 0.691622530800259 -0.0763127951759064 0.33553342102057 0.159073993343811 0.70647510031187 -0.112927147007594 0.155982838063937 0.798975409990506 0.279686442770846 -0.0980017118490469 -0.0990655408393383 0.639119284814068 0.0055697856584679 0.775695960898017 -0.0727665270179352 0.788096711543947 -0.0481970027277768 0.119974084470708 0.142821311354504 0.212621000919274 -0.0761818514485854 0.179230964502742 0.507218268643881 -0.0651665684567498 0.313229128852907 0.121375192474424 -0.113882384548285 -0.0480471432432808 -0.101776075029343 0.122883616744688 -0.0875178053311254 -0.0428447872068666 0.143986550785712 -0.11792211192545 0.39375231279891 0.991048691743649 -0.0949394298431964 0.150812816720477 -0.0774738860121008 -0.147710706051626 0.0553433449026247 -0.185347746073301 0.615996774464993 -0.168000263667972 0.0255847069032012 0.634669177548017 -0.0830086394188876 -0.0559429125009781 -0.00141070484044731 0.547240837901786 -0.133879466806206 -0.139311215771865 0.825986469104628 0.5251481117522 -0.0899381146336029 -0.142043739039939 0.425852041923774 0.472292960491493 0.561934720592487 0.387666355687485 0.5701660104952 -0.0312263851345154 0.635930959457239 0.110104772714677 0.158789473439187 -0.100904960353739 0.604114748212248 -0.0370598120308927 -0.0810015578143073 -0.11416811253808 0.0582736501534018 0.0146960151723853 0.190653141978499
Candidatus.Bathyarchaeota 0.0340408111846116 0.0435643229241307 0.847394211504052 -0.0868027202582885 -0.0526081001315044 -0.156885612395362 -0.0661264126359113 0.857370864229816 1 0.183005751302091 -0.0226430705616897 0.594479047098896 0.0203612327260141 -0.159514962593825 0.605234194949149 -0.130390388057974 -0.105372499505392 0.522893584364385 -0.0394121946346211 0.241759738960089 0.103416478340613 0.609395824646934 -0.0858268339489924 0.090401108001496 0.551367719950774 0.113656928430874 -0.0710867817256815 -0.01662666352135 0.452999323507782 -0.064691003926066 0.634849958829363 0.0140432705502474 0.617912148000106 -0.0137005547921258 0.10603338980559 0.0168112585203648 0.154641194487622 -0.0576950950510427 0.161279171416342 0.430213982559167 -0.0369792899664541 0.229887496987911 0.0683261575723263 -0.0495704715625334 0.00798725930174005 -0.0773518017854126 -0.0687173233215891 -0.0665152387603453 -0.032196830520608 -0.0830509151380936 -0.148180615511403 0.0893707784476396 0.849630315622811 -0.0721558181206514 -0.0665471221294216 -0.0249336730356597 -0.108256959011206 0.0510510470114515 -0.119601431206248 0.555277519946761 -0.143618404101478 -0.13854121019362 0.530602503904712 -0.0397276157439713 -0.137692220724018 0.00548951003208539 0.45440345164491 -0.099027744530935 -0.075885249098343 0.525507022479136 0.297650203255995 -0.0657820893028299 -0.103490730386108 0.310230850000343 0.232081583104284 0.389210363383051 0.396317525038423 0.437189060548903 -0.018187402816845 0.529035374797812 0.00163067037653974 0.100595211352698 -0.0819529169348202 0.488352771670446 -0.106775353947017 -0.0504717117521016 -0.109511587432058 0.0449521120800306 -0.0560514998225943 0.131385126974468
Spirochaetes 0.529451393479095 0.593650417204748 0.113359767184435 0.202266415150797 -0.0913515095589442 -0.257771806582951 -0.141554855465173 0.108831620695307 0.183005751302091 1 0.443831253104612 0.0244378568791186 0.205611208538775 0.0584332866071099 0.346902300207745 -0.125285666881438 -0.175792975050387 0.259441376608961 0.026258888989997 0.160783140037011 -0.0060454968342093 0.623825447719401 -0.147871317249275 0.13290742454327 0.177328207556135 0.427780530397701 0.109563014174138 -0.0529891795878621 0.227184654334329 -0.140867473268207 0.498997145731228 0.060440061981636 0.436522119887447 0.137940372100546 0.164994710244774 -0.142727556334207 -0.0306618163472487 -0.115451958585119 0.132363044575817 0.256926287385548 0.00843239393617609 0.112645695100617 0.310448009411063 0.180363519221095 0.32701698999431 -0.133269658163221 -0.124511699318592 -0.114599310263358 0.131957400592824 -0.13271597575401 -0.244906568719798 -0.156758800614738 0.103831236289291 -0.124317481861686 -0.12203027745217 0.426273618413394 -0.191281636262363 0.256284350472418 0.167823905092491 0.313961594541682 -0.219171751645464 -0.233641062500918 0.22186947491671 0.0376290891377303 -0.189941606865071 -0.00922180324890104 0.711107592752484 -0.175307121749325 -0.0351023659829119 -0.0289054946482326 -0.0185045084751852 0.0955213211928922 -0.164507600697535 -0.0216759838766254 0.177145721223709 0.299327207703642 0.335511960975502 0.57198167803569 -0.094333960751753 0.296859242982793 -0.175877440703326 -0.111041894912561 -0.141360037557143 0.242782447086898 -0.258472358878578 0.0106238422294227 -0.17276846983572 0.162769000966535 0.107952928595269 0.510687857501909
candidate.division.WWE3 0.339584787489903 0.320854812964408 -0.0584703523216869 0.507685603208187 -0.0615821370667781 -0.0901434808999603 -0.0977197821976958 -0.0788312157717756 -0.0226430705616897 0.443831253104612 1 -0.101865366237349 0.861106406057452 0.0940018731860523 0.125950279826045 -0.0817317078997882 -0.115636931805776 0.048164129156238 -0.0172623508992146 0.0268138570489486 -0.0544948132426181 0.103695786832346 -0.0996834291086794 -0.00496204601517617 0.00554537590775213 0.210223246076306 0.416857172740573 -0.084594176241687 0.258912655923433 -0.134303788362075 0.137871346645191 -0.00464362814204902 0.261552376161177 0.0820207765585189 0.0771643947133659 -0.153382437626506 -0.110871066474285 -0.0814302479953829 0.000642234859159364 0.104754691556115 -0.0207155539875105 -0.00537523928899494 0.2038634782498 0.209553806724599 0.134149078205768 -0.0898401175358202 -0.0839361776381751 -0.0772540099935914 0.777762717959288 -0.0957419116927326 -0.0810744681253937 -0.123586339353861 -0.0856188063340465 -0.0838052512187905 -0.0822633945365461 0.992070884342783 -0.107244315122577 0.886264744054984 0.0985084097498034 0.107047990434541 -0.101528563187336 -0.115610361838144 0.0339478149325189 -0.0160424363876846 0.0153312591737184 -0.0334281580554343 0.198938813782324 -0.0995331745115176 -0.0713929134494365 -0.136205480993883 -0.0955902207462096 0.602687315775888 -0.0886804312682683 0.202623569430015 0.0499413074403047 0.0339163743667497 0.0593836121316529 0.408884217348572 -0.0426606934950303 0.0702835867378621 -0.141727611673103 -0.0655799389086677 -0.0950077896859037 0.0500505735842026 -0.0211485768922652 -0.0246601343939471 -0.100502782491604 0.189352086987817 0.180237604496311 0.273042724948436
Candidatus.Rokubacteria 0.00534656035786808 -6.07869411251153e-06 0.683196396954353 0.233858408190696 0.390805616058752 0.100756904331524 0.539756450153059 0.828097050594016 0.594479047098896 0.0244378568791186 -0.101865366237349 1 0.0875633956130416 -0.301221123977409 0.51002427568883 -0.0233875585015663 -0.0934416447011139 0.738644035505802 -0.0946784555881699 0.39070787390887 0.133163281162605 0.618777717244959 -0.136064646813074 0.40347155083709 0.921233202218712 0.405093639421718 -0.118518516036596 -0.174949194765996 0.718030248060317 0.159110533720568 0.734806775739625 -0.129776954666741 0.719259420601999 -0.0729819142415179 0.0916298824279769 0.314733451754172 0.230058644680743 -0.0945980425971422 0.137759784160714 0.522590936500272 -0.0954747946442933 0.401458941491645 0.162302223178948 -0.133354790264762 -0.0934834709595274 -0.126269802821299 0.564004453506769 -0.108580096248828 -0.0531928524091135 0.559134298605077 -0.0151948734730008 0.729892990619217 0.86752612800367 -0.117787830615503 0.418769290555513 -0.0998127391418266 -0.18307289560683 0.0489341131382728 -0.223150182365717 0.436961109140575 -0.16461315705516 0.375011855211803 0.703307105839863 -0.102985741284141 0.102993718400578 -0.0403080374721417 0.580799371747575 -0.161624677357003 -0.170441289945451 0.920821235217463 0.644448310567767 -0.10778728803075 -0.185199809320078 0.27279742059504 0.58243621124372 0.640857450969345 0.281979431499797 0.426547535688167 -0.0584662060839686 0.620262175353114 0.257231021966253 0.131878235390853 -0.110292859138954 0.573010456979259 0.0419096677503447 -0.111889229690397 -0.100206984168052 0.0285553875833904 0.131579166986888 0.235760732387
candidate.division.Zixibacteria 0.00786727936212022 0.0106850247536083 0.00431579354144651 0.536435326525039 0.0964392689332373 -0.00867227223841753 0.094432099483202 0.0330128868333117 0.0203612327260141 0.205611208538775 0.861106406057452 0.0875633956130416 1 0.0325672215845168 0.00409277327643482 -0.013324867603111 -0.0706736345110524 0.0256656801301604 -0.0491009213833885 -0.0170048436885348 -0.00470119026335887 0.0381105684384778 -0.0726592041935958 0.0029855490018751 0.0842514057700283 0.148782451092537 0.334542716446572 -0.143381652744677 0.3625283304686 -0.0643644565373239 0.0649785311430028 -0.10546662591866 0.238384140572683 0.0227233882329501 0.0638571746186069 -0.0257644194977265 -0.0700860478875688 -0.0604412480876672 -0.0953653139003324 0.0889437955781669 -0.061235395819924 -0.0314918619792532 0.159245431607978 0.108954217417931 0.0279434389829113 -0.0654844190572035 0.103359412078546 -0.0563104112397524 0.670384458457663 0.107946497057469 -0.0305595987108468 0.0998644577939112 0.0369399188324805 -0.061085607861292 0.067628655975337 0.860971302408401 -0.094666773604463 0.989481420521053 0.00770550543324156 -0.0175822172001622 -0.0902195946293239 0.0232156100428493 0.0356544769142347 -0.0534091389111594 0.214227028288147 -0.0248112773268544 0.10049059417078 -0.0854027745406365 -0.0894872882085221 0.0730440432040051 0.0553858794176867 0.508302366347526 -0.0626297552774962 0.420775795236742 0.0858444289280334 0.012284891215093 -0.0946673368579225 0.373614925522345 -0.0143189490313966 0.0134666745823056 -0.021561160461094 0.00398171059942081 -0.0645104164356734 -0.017530161527097 0.0870443965241947 -0.0596785495408399 -0.0539044751917523 0.161677040074761 0.190876740829377 0.212004714322643
Candidatus.Schekmanbacteria -0.0778193809022306 -0.0645404220621311 -0.193076960345292 0.00833051400636973 -0.11312186866294 -0.194978401162528 -0.21378252623396 -0.232972160535737 -0.159514962593825 0.0584332866071099 0.0940018731860523 -0.301221123977409 0.0325672215845168 1 -0.186599615180197 0.490009022840775 -0.0723488326388497 -0.302519977254478 0.275775787703178 0.166563573084983 0.218151754051548 -0.233733569870558 -0.043451674281858 0.0015924862882575 -0.306278583744033 0.0432663888583771 0.107458179791347 0.449112036256583 -0.149259638222677 0.0159558145311584 -0.155581619452248 0.273892077804278 -0.126382975504672 -0.0883969630621544 -0.0796336545599243 -0.180277109720522 -0.28062730970278 -0.193534526605104 -0.163692705514378 0.203479761223989 -0.175728228748729 -0.532656391720035 0.217436788500562 0.487440527745808 0.409068641938555 0.290379093741411 -0.178139461646866 -0.181402151988047 0.0702121139084305 -0.160919817256237 -0.183914709928796 -0.255368441882232 -0.246351071729395 -0.207014846143439 -0.18550551332351 0.102369723535106 0.400730780806082 0.045329300340308 0.71891444794419 -0.265942948562946 0.340258205857221 -0.164981974735101 -0.30571971557485 0.306710540945351 0.302932752587882 0.353160063429319 -0.236692034228426 -0.0506957387725599 0.386006142003244 -0.263023938063233 -0.191008868828397 0.0382193428769713 0.0885297285111735 0.221857544102653 -0.178800119208935 -0.461096253827103 -0.164565436229001 -0.0389486112750741 -0.127158503397377 -0.19670080882944 -0.257534411924942 -0.409177736782941 -0.227022745292774 -0.288407356860237 0.411013918786241 -0.101316623974389 -0.425501046521252 0.20934940079896 0.388691329396783 0.172949894435151
Candidatus.Dadabacteria 0.507958785001951 0.507390796831107 0.681664143647834 -0.132087299974744 -0.0776462439549116 -0.236573121493495 -0.117417730630553 0.688607051596847 0.605234194949149 0.346902300207745 0.125950279826045 0.51002427568883 0.00409277327643482 -0.186599615180197 1 -0.217853602546691 -0.156267923382097 0.685265351632958 -0.0849351914859848 0.335067647784203 0.114638601248641 0.739776807543223 -0.125677886745637 0.107397494122819 0.649774183872669 0.390216117421103 -0.102237693231648 -0.0676982018874821 0.503050081639293 -0.071398162318018 0.78521658301687 -0.0486138128508346 0.823148002635246 0.0923233656459031 0.129064579584964 -0.0266652936707172 0.17389644700599 -0.0837987236868372 0.397318961073245 0.446515956736445 -0.0106842800489777 0.345608012509668 0.107875986086979 -0.109331739868832 0.0392090413823546 -0.113275505128377 -0.105831483543179 -0.0974062283670502 -0.0480231825264747 -0.130241333075378 -0.226648710215732 0.11230183489026 0.679908530242679 -0.105666404103201 -0.103722343929335 0.108928672410064 -0.163148201433702 0.0520373480260999 -0.147142827701574 0.932309667659569 -0.194860016078273 -0.226944574774924 0.595465998175488 -0.0923875828133763 -0.213400189356936 0.00107137319488601 0.624132378266639 -0.149006180719963 -0.154207298872101 0.432911714917691 0.115724968732152 -0.0924594615309187 -0.162028044258923 0.336247744177601 0.555995116458388 0.548004830939772 0.554437788036648 0.556175618737725 -0.0343497290718564 0.661202037702585 -0.0363264694895577 0.10983580188497 -0.115191722598205 0.802794684983472 -0.218421715258678 -0.0109398691281496 -0.0956220392431674 0.0669225436976872 -0.0851235336504923 0.223550881220017
Candidatus.Krumholzibacteriota -0.153852317167618 -0.142961461416911 -0.160208509644792 0.0918126435376568 0.132721613078955 -0.0186863855180961 0.14649120152069 -0.114718758989341 -0.130390388057974 -0.125285666881438 -0.0817317078997882 -0.0233875585015663 -0.013324867603111 0.490009022840775 -0.217853602546691 1 -0.154041684604501 -0.195941568457468 0.313640660364124 0.316224296237548 -0.224532679350796 -0.21434214123871 -0.151432479457586 0.178142819230773 -0.0548424287931178 0.077685395167012 0.182144945465463 0.0391377677695198 0.130102633195145 -0.135271479900127 -0.0213460895805225 0.246928764979313 -0.010432533192549 -0.115153693401851 -0.200388717213804 0.154050949593863 -0.0872323079304286 -0.130077267351397 -0.259948384751593 0.49064789869247 -0.107527984644684 -0.247723598373151 0.0712731462447474 0.436031612530995 0.573527527459634 -0.123010221852011 0.156740777073725 -0.117361450774226 -0.0124969368263839 0.172524489306464 -0.0533085439551102 0.10674756053918 -0.111077321478112 -0.127313855505386 0.114713206472885 -0.0705740029175744 -0.170055449867572 -0.0462450631832565 0.695848448499612 -0.260740944450656 0.75444202477922 0.00733843007600872 -0.155040929228756 0.320178097819772 0.0816720696956874 -0.182381085045763 -0.182885459706125 -0.178007443342258 0.25221401821975 0.0393832818469 0.0375513803678697 0.0412458165736783 -0.0675411494744896 0.00489452659897348 0.00768477061723437 -0.213274930213717 -0.328063794064122 -0.171552958499643 -0.0693919782057261 -0.20067780216267 -0.0159753316559499 -0.197882255393532 -0.120481423339209 -0.25178520974181 0.7349375272326 -0.0822628503653692 -0.233036382720832 -0.065910164692473 0.573198682644486 0.427572793667468
Candidatus.Hydrogenedentes -0.109710021978289 -0.101724388821402 -0.114418359485298 -0.060138281693357 0.00346855470213856 -0.110911366827807 -0.00353382093564419 -0.112432799045076 -0.105372499505392 -0.175792975050387 -0.115636931805776 -0.0934416447011139 -0.0706736345110524 -0.0723488326388497 -0.156267923382097 -0.154041684604501 1 0.0325023870463635 -0.072386747633995 -0.228808016925507 -0.205244882859018 -0.191353581040281 0.972319835068235 -0.0578744019564945 -0.123668443427609 -0.193951040461231 -0.0913169034066197 0.0682977195785939 -0.249289570366917 -0.170758994435959 -0.216282460667931 -0.144484242895545 -0.223888060942835 0.221540213588981 0.69695871420193 -0.159270127290723 0.0937428529346967 -0.0948254502307567 0.472640685065039 -0.384968385957058 -0.135177011766573 -0.0160263318911502 -0.396063593485759 -0.226511767529881 0.0130007769681022 -0.0986115954294041 0.00420653232471369 -0.0796952119344045 -0.0414376660448397 -0.00534244119095568 -0.121447815577136 -0.0322856233169152 -0.112094144021313 -0.0861004416359739 -0.00447777077831261 -0.109625019239311 -0.0778881326466701 -0.0813725006742507 -0.0233845716800212 -0.187084899955316 -0.160105822320243 0.160965088719047 0.287836878645961 -0.0787779907003692 -0.129496371006829 -0.158055582064497 -0.19828515153152 0.949688577241564 0.496403224931954 -0.0930053266523224 -0.0614690824632522 -0.0826287753546299 -0.159710359245006 0.0684863322822347 -0.270152253859282 -0.197447094656805 -0.0698751255663342 -0.19971846314269 -0.188253366891964 0.268248927540836 -0.130431105159672 -0.0151845622136837 -0.0911003854641727 -0.176807742189035 -0.298090128025071 -0.176483381679944 -0.131746477070036 -0.414888158317592 -0.350216438626389 -0.0140681275874256
Nitrospinae 0.455533385916705 0.474994175804866 0.596877717928837 0.0609742503425814 0.240262016120719 -0.130185117204362 0.425839223723316 0.691622530800259 0.522893584364385 0.259441376608961 0.048164129156238 0.738644035505802 0.0256656801301604 -0.302519977254478 0.685265351632958 -0.195941568457468 0.0325023870463635 1 -0.145355775054713 0.56127312592253 0.143804968968565 0.661415221348028 0.00944802205003057 0.25520059947 0.868239375827211 0.352430862139284 -0.135003871164299 -0.115726299223449 0.638456036406508 0.136998084041564 0.810703271161397 -0.163597188816113 0.706997575632214 0.0985733456699348 0.179216911533438 0.159013721423439 0.167662345527002 -0.149899117610399 0.36245621749338 0.469167097245088 -0.0995757822086596 0.498611399726937 0.149347586340433 -0.193774598587943 -0.126136720779773 -0.0692997479315583 0.296387454497284 -0.166698368152679 -0.0820564913756266 0.355439771856242 -0.18246054290674 0.507319976804578 0.708346682765025 -0.180834608092921 0.390423747384766 0.0357664894774099 -0.130124703649744 0.011254996165405 -0.306738637026223 0.602152081553625 -0.268755941685946 0.19914992399362 0.898598895500517 -0.158109594743019 0.0607695356829789 0.0340174633374835 0.707547699805416 -0.0157407187857365 -0.14072873691951 0.693475282053074 0.539003264547933 -0.111933529919588 -0.220487818808186 0.219049232862319 0.551715732077396 0.665493160280296 0.492936799746502 0.324807124873992 -0.0912266275215241 0.745646295099465 0.133939541377192 0.0195754958201847 -0.164698413443907 0.687788587160968 -0.168427603732453 -0.104686287579123 -0.146179718116108 0.0194783820305318 -0.0822965494202068 0.194274683175345
Euryarchaeota -0.0608474808687438 -0.0552288983774242 -0.0618917812582191 -0.0614818895336848 -0.0361415351396705 -0.109445682269621 -0.0573759184996486 -0.0763127951759064 -0.0394121946346211 0.026258888989997 -0.0172623508992146 -0.0946784555881699 -0.0491009213833885 0.275775787703178 -0.0849351914859848 0.313640660364124 -0.072386747633995 -0.145355775054713 1 -0.142393871443493 -0.123860189767546 -0.120834200741762 -0.0585025516744815 0.462878139873098 -0.109198805144195 0.269929040344547 0.638865810549464 0.607239312619949 -0.0484837474136666 -0.179677618171437 -0.0198263739249271 0.736584124991551 -0.0779974954992487 -0.139395758603908 -0.0504833217613519 0.100645166530545 0.026538897218934 -0.053512050782112 -0.0887942112570762 0.21066115617257 -0.00100996668704504 -0.10343472691312 0.428375726451244 0.773119451020252 0.168893091384225 -0.0527256753261429 -0.0492607508945361 -0.0453390975021893 -0.0194935324417077 -0.0606226583054641 -0.103636277346815 -0.073542720858651 -0.0799804269684255 -0.0491839123499144 -0.0482790222289164 -0.0282353998419747 -0.0719319094326063 -0.049365397378812 0.421727005072935 -0.101306038024896 -0.0616970646758317 -0.109577851959381 -0.128337654258031 0.994006967949327 -0.0999236464055826 -0.0899078920154333 -0.134976572111017 -0.0693570202783517 0.708146952103804 -0.094290403997479 -0.0827371504746954 0.279389552403557 -0.010306256213716 -0.142341188715788 -0.180892781001452 -0.168016244791803 0.0133631707921194 -0.0534798055523118 -0.0745410999325057 0.000923987505713947 0.0795855016246794 -0.107112973789335 -0.0559264842954794 -0.182914629636527 -0.00929195502170873 -0.036245965389294 -0.0845350975891308 0.0204599116688512 0.540683538147702 0.0920415205334893
Ignavibacteriae 0.372650574067777 0.425771856323254 0.266460900096368 0.030388255542531 0.149437223346392 -0.14697561495098 0.302609355054905 0.33553342102057 0.241759738960089 0.160783140037011 0.0268138570489486 0.39070787390887 -0.0170048436885348 0.166563573084983 0.335067647784203 0.316224296237548 -0.228808016925507 0.56127312592253 -0.142393871443493 1 0.353986966680349 0.321438476925344 -0.223890315762309 0.0983267351973805 0.522627628320104 0.181871374944359 -0.183500558456562 0.0116708527727223 0.487133466808173 0.322736345189685 0.560695557133546 -0.169872482502898 0.437995735554011 0.115901935589348 -0.0871025571150391 0.0869936593766176 -0.0470426246966564 -0.172132437530113 0.0759617208584202 0.68162809932642 -0.127401501994984 0.151825873441865 0.259710323020897 -0.0555095963603963 0.156116454503306 0.25506700686478 0.184670106152349 -0.173367294790145 -0.0816022799555859 0.246544754280034 -0.1932945933824 0.309500232003499 0.335609841099872 -0.188123943040897 0.277604994747356 0.0175405119789441 0.251488322481796 -0.0398753433717751 -0.00442522201063192 0.267407645820716 0.278749795202408 -0.0010559132543783 0.440655536903849 -0.155952071787444 0.45557720788505 0.34674305332655 0.396078642616047 -0.265430562018142 -0.252560126350413 0.376682003260335 0.29509438758381 -0.171785844718531 0.013990298276793 0.339395425738061 0.422222402654768 0.377964835335685 0.168087079242797 0.0310301139774815 0.0156089186474824 0.360233403675725 -0.0456950538796597 -0.166920370382159 -0.195879814367593 0.405819889455668 0.407419538785345 -0.0236072723770265 -0.243358736489435 0.227553975931651 0.16240564432961 0.256847586799575
Deinococcus.Thermus -0.035194657817206 -0.0273219919379153 0.136869113573278 0.0145898596313461 0.010478053623716 -0.061034179792869 0.0270636896160905 0.159073993343811 0.103416478340613 -0.0060454968342093 -0.0544948132426181 0.133163281162605 -0.00470119026335887 0.218151754051548 0.114638601248641 -0.224532679350796 -0.205244882859018 0.143804968968565 -0.123860189767546 0.353986966680349 1 0.137364344585401 -0.183539222498515 -0.146344184595534 0.121763858677866 -0.0834101095074739 -0.117953815174204 0.302088034612053 0.148152690384628 0.620515261754511 0.0883088654251122 -0.236137408460724 0.0994442996049638 0.203177070620637 -0.134746259587117 -0.171925072618264 -0.0494525754575319 -0.152680274863171 -0.0189411868825204 0.128367031093441 0.0551763921941984 -0.13205196845766 0.565390458956621 -0.127098265011329 -0.396043235124611 0.746760400851263 0.0154192960844358 -0.142242440170038 -0.00799045374156124 0.0164785607710781 -0.0177068705267832 0.0755249655535345 0.158506672033742 -0.154304785388004 0.0205534501031541 -0.0494117847213643 0.813289779213537 0.00171196164545975 -0.341499203962135 0.131483364004352 -0.26855703310926 -0.145206083282057 0.00491408991724578 -0.134716335809769 0.666416303427446 0.92726979030523 0.0935957565719386 -0.215353813601547 -0.224688571456249 0.134369916826112 0.0496715296469368 -0.0874617035946035 0.416720958685584 0.466162165726054 0.181026179860416 0.106178455373605 0.122688377764964 0.0995233699631116 0.27314557088791 0.059207255460003 -0.108343789395714 -0.0121629304043051 -0.161139061220046 0.270928151015333 0.19104654966929 0.217913781261718 -0.0562436828413278 0.662502107014855 -0.0655186860916906 -0.379615312665158
Thaumarchaeota 0.315728857014118 0.344333370650519 0.667760112903013 0.0334488380988562 0.101093111463723 -0.135590613316351 0.0942281682062206 0.70647510031187 0.609395824646934 0.623825447719401 0.103695786832346 0.618777717244959 0.0381105684384778 -0.233733569870558 0.739776807543223 -0.21434214123871 -0.191353581040281 0.661415221348028 -0.120834200741762 0.321438476925344 0.137364344585401 1 -0.182621272746145 0.102907633964573 0.692297769528541 0.406933554004398 -0.13296868339285 -0.201004097307709 0.55902437195937 -0.0572044616200636 0.862384827199799 -0.115268809066512 0.850625982165748 0.0771828964876503 0.171439754185752 0.0258182541067211 0.147093870362523 -0.134958537113169 0.230533939629415 0.466187490906549 0.0412578095008209 0.295947350638654 0.270061285071589 -0.106133910118931 0.133716767087547 -0.16438118666608 0.0507852929825376 -0.141530300030024 -0.0553027316176935 0.0997398185346082 -0.161235456956369 0.275456217726539 0.718793544168081 -0.153532254831444 0.0586037277782247 0.0872005678685771 -0.236022764594329 0.0847155940148515 -0.112824025876464 0.691542493954368 -0.267194542809701 -0.0506922384142931 0.567907536663749 -0.130971315528924 -0.16739221654138 -0.0119661166475203 0.919480546654667 -0.212955826343221 -0.2192086089151 0.574545763900741 0.330751640507652 -0.106563925968031 -0.184524623516509 0.241971596092862 0.533297893238028 0.674325176142963 0.490714982919462 0.776271659412247 -0.0174710783035649 0.609238952217291 -0.0116571712162633 0.115590747231399 -0.167312269686708 0.649290438187389 -0.191118353917197 0.0201828365878121 -0.133132211739542 0.160150623684857 -0.0117279692281756 0.441647999391214
